%YAML:1.0
---
mtx: !!opencv-matrix
   rows: 3
   cols: 3
   dt: d
   data: [ 7.7300081683083647e+02, 0., 6.5093632374525259e+02, 0.,
       7.7364872226123373e+02, 3.7624611888380770e+02, 0., 0., 1. ]
dist: !!opencv-matrix
   rows: 1
   cols: 5
   dt: d
   data: [ 7.4794116647828562e-02, -8.5617488305518810e-02,
       -1.7926782648605862e-03, 1.9023165806964046e-03,
       -4.1692131180962834e-03 ]
