%YAML:1.0
---
mtx: !!opencv-matrix
   rows: 3
   cols: 3
   dt: d
   data: [ 3.68967122984077775e+02, 0., 3.1167125720776977e+02, 0.,
       3.68757647162291845e+02, 1.81091151445718735e+02, 0., 0., 1. ]
dist: !!opencv-matrix
   rows: 1
   cols: 5
   dt: d
   data: [ 1.4545328852824033e-01, -3.4057052539360905e-01,
       2.6133016416895927e-03, 1.3491750732082543e-03,
       1.5558325692291569e-01 ]
